{
    "single": {
        "4": {
            "mu": [
                0.3,
                0.2,
                -0.05,
                0.1
            ],
            "sigma": [
                [
                    0.05,
                    0.01,
                    -0.02,
                    0.01
                ],
                [
                    0.01,
                    0.02,
                    -0.01,
                    0.01
                ],
                [
                    -0.02,
                    -0.01,
                    0.08,
                    -0.02
                ],
                [
                    0.01,
                    0.01,
                    -0.02,
                    0.03
                ]
            ],
            "risk_factor": 0.5,
            "budget": 2
        },
        "5": {
            "mu": [
                0.00337226,
                0.00632841,
                -0.00040706,
                0.01934573,
                0.00302364
            ],
            "sigma": [
                [
                    0.000136899169,
                    -2.77634937e-05,
                    7.69044502e-06,
                    -0.000184066964,
                    7.61827084e-06
                ],
                [
                    -2.77634937e-05,
                    0.00182106969,
                    0.000211970835,
                    5.07986088e-05,
                    -9.51874524e-05
                ],
                [
                    7.69044502e-06,
                    0.000211970835,
                    0.000253785134,
                    -0.000347869808,
                    -1.47362257e-05
                ],
                [
                    -0.000184066964,
                    5.07986088e-05,
                    -0.000347869808,
                    0.00722913905,
                    0.000142884671
                ],
                [
                    7.61827084e-06,
                    -9.51874524e-05,
                    -1.47362257e-05,
                    0.000142884671,
                    0.000135354971
                ]
            ],
            "risk_factor": 0.5,
            "budget": 2
        },
        "6": {
            "mu": [
                0.00158161,
                -0.00050999,
                0.0030347,
                0.01516737,
                0.00074569,
                0.00276496
            ],
            "sigma": [
                [
                    0.000576364161,
                    0.000108033594,
                    2.02561919e-05,
                    -0.00304027245,
                    -2.93915041e-05,
                    0.000150728566
                ],
                [
                    0.000108033594,
                    0.0010448076,
                    1.92976087e-05,
                    0.00100718133,
                    -0.000123991967,
                    5.36413757e-05
                ],
                [
                    2.02561919e-05,
                    1.92976087e-05,
                    8.1975152e-05,
                    0.000490862017,
                    1.29769749e-05,
                    1.93199056e-05
                ],
                [
                    -0.00304027245,
                    0.00100718133,
                    0.000490862017,
                    0.0479403711,
                    -9.87198602e-05,
                    -7.12802504e-05
                ],
                [
                    -2.93915041e-05,
                    -0.000123991967,
                    1.29769749e-05,
                    -9.87198602e-05,
                    0.000263549769,
                    -2.52602897e-05
                ],
                [
                    0.000150728566,
                    5.36413757e-05,
                    1.93199056e-05,
                    -7.12802504e-05,
                    -2.52602897e-05,
                    0.000187445155
                ]
            ],
            "risk_factor": 0.5,
            "budget": 3
        },
        "7": {
            "mu": [
                0.07023673,
                0.00393386,
                0.00266779,
                0.00521173,
                0.01097181,
                -0.00141251,
                0.00532614
            ],
            "sigma": [
                [
                    0.285456207,
                    0.00146099553,
                    0.00405017775,
                    -0.00101482257,
                    0.00722640458,
                    -0.00166700208,
                    0.00317251544
                ],
                [
                    0.00146099553,
                    0.000119333064,
                    5.9562162e-05,
                    5.85860257e-05,
                    3.09175261e-08,
                    6.63220331e-06,
                    4.13617347e-05
                ],
                [
                    0.00405017775,
                    5.9562162e-05,
                    0.000284793555,
                    -3.02740305e-05,
                    8.3291611e-05,
                    -6.24353613e-05,
                    0.000235374147
                ],
                [
                    -0.00101482257,
                    5.85860257e-05,
                    -3.02740305e-05,
                    0.000998127569,
                    -0.000125958146,
                    0.00021321133,
                    -0.000367607044
                ],
                [
                    0.00722640458,
                    3.09175261e-08,
                    8.3291611e-05,
                    -0.000125958146,
                    0.00162227503,
                    -0.000231097685,
                    0.00017347008
                ],
                [
                    -0.00166700208,
                    6.63220331e-06,
                    -6.24353613e-05,
                    0.00021321133,
                    -0.000231097685,
                    0.000717095598,
                    -0.000158330494
                ],
                [
                    0.00317251544,
                    4.13617347e-05,
                    0.000235374147,
                    -0.000367607044,
                    0.00017347008,
                    -0.000158330494,
                    0.000653413496
                ]
            ],
            "risk_factor": 0.5,
            "budget": 3
        },
        "8": {
            "mu": [
                -0.00325352,
                0.00109197,
                0.00305949,
                0.00873226,
                0.00486287,
                0.0073848,
                0.00063111,
                -0.00449726
            ],
            "sigma": [
                [
                    0.000286498528,
                    3.218329e-05,
                    1.2079998e-05,
                    0.000116734802,
                    8.40308657e-06,
                    6.43286417e-05,
                    4.58312917e-05,
                    -0.000124751355
                ],
                [
                    3.218329e-05,
                    0.000346739913,
                    5.36142764e-05,
                    -0.000216529403,
                    -3.38982269e-06,
                    2.42244035e-06,
                    2.08216116e-05,
                    -0.000105565203
                ],
                [
                    1.2079998e-05,
                    5.36142764e-05,
                    0.00023901446,
                    -0.000116722009,
                    -2.78634063e-05,
                    4.53970483e-05,
                    -7.35681619e-06,
                    5.88428527e-05
                ],
                [
                    0.000116734802,
                    -0.000216529403,
                    -0.000116722009,
                    0.00279770076,
                    2.58225903e-06,
                    -0.000184691775,
                    0.000168074513,
                    5.15303417e-05
                ],
                [
                    8.40308657e-06,
                    -3.38982269e-06,
                    -2.78634063e-05,
                    2.58225903e-06,
                    0.000287402791,
                    6.67304102e-05,
                    2.93565532e-05,
                    0.000113875795
                ],
                [
                    6.43286417e-05,
                    2.42244035e-06,
                    4.53970483e-05,
                    -0.000184691775,
                    6.67304102e-05,
                    0.000406580582,
                    0.000101608823,
                    0.00029393101
                ],
                [
                    4.58312917e-05,
                    2.08216116e-05,
                    -7.35681619e-06,
                    0.000168074513,
                    2.93565532e-05,
                    0.000101608823,
                    0.000367395931,
                    -7.98120005e-05
                ],
                [
                    -0.000124751355,
                    -0.000105565203,
                    5.88428527e-05,
                    5.15303417e-05,
                    0.000113875795,
                    0.00029393101,
                    -7.98120005e-05,
                    0.00290788922
                ]
            ],
            "risk_factor": 0.5,
            "budget": 4
        },
        "9": {
            "mu": [
                -0.00227862,
                0.00028021,
                -0.00414605,
                0.00224288,
                0.01240355,
                -0.00680995,
                0.00679703,
                -0.0966209,
                0.0164639
            ],
            "sigma": [
                [
                    0.000140951722,
                    5.96921119e-07,
                    -1.30483916e-05,
                    -2.56920259e-05,
                    0.000127793375,
                    -0.000193268918,
                    3.04438674e-05,
                    -0.00147353878,
                    5.08467522e-06
                ],
                [
                    5.96921119e-07,
                    0.000303986801,
                    -2.20361498e-05,
                    -5.46882207e-05,
                    8.45923716e-05,
                    0.000182780023,
                    8.21758503e-06,
                    -0.000337066061,
                    -5.46299215e-05
                ],
                [
                    -1.30483916e-05,
                    -2.20361498e-05,
                    0.000229100551,
                    6.98125787e-05,
                    0.00010760278,
                    1.7843525e-05,
                    7.54289882e-05,
                    -0.000161208259,
                    -5.9268633e-05
                ],
                [
                    -2.56920259e-05,
                    -5.46882207e-05,
                    6.98125787e-05,
                    0.00015970921,
                    -8.7195772e-05,
                    -0.000233155839,
                    6.76050238e-05,
                    -3.67877427e-05,
                    4.60272826e-05
                ],
                [
                    0.000127793375,
                    8.45923716e-05,
                    0.00010760278,
                    -8.7195772e-05,
                    0.00195321943,
                    -0.000885559729,
                    2.08350337e-05,
                    -0.00249767186,
                    -0.000388036285
                ],
                [
                    -0.000193268918,
                    0.000182780023,
                    1.7843525e-05,
                    -0.000233155839,
                    -0.000885559729,
                    0.010552414,
                    -0.000201051095,
                    0.000310059479,
                    -0.000332891494
                ],
                [
                    3.04438674e-05,
                    8.21758503e-06,
                    7.54289882e-05,
                    6.76050238e-05,
                    2.08350337e-05,
                    -0.000201051095,
                    0.000427356523,
                    -0.000723790178,
                    -0.000136494472
                ],
                [
                    -0.00147353878,
                    -0.000337066061,
                    -0.000161208259,
                    -3.67877427e-05,
                    -0.00249767186,
                    0.000310059479,
                    -0.000723790178,
                    0.0668385044,
                    0.00246976032
                ],
                [
                    5.08467522e-06,
                    -5.46299215e-05,
                    -5.9268633e-05,
                    4.60272826e-05,
                    -0.000388036285,
                    -0.000332891494,
                    -0.000136494472,
                    0.00246976032,
                    0.00141535388
                ]
            ],
            "risk_factor": 0.5,
            "budget": 4
        },
        "10": {
            "mu": [
                -0.01181399,
                -0.01159261,
                0.00063313,
                0.0040457,
                0.00164649,
                0.00178944,
                0.0006099,
                0.00625709,
                -0.00049544,
                0.00029383
            ],
            "sigma": [
                [
                    0.00294138322,
                    -0.000517085099,
                    0.0001247316,
                    -0.000113913378,
                    0.00020527853,
                    -0.000191446747,
                    -0.00028330405,
                    -1.88671337e-06,
                    -2.26520911e-05,
                    7.025283e-05
                ],
                [
                    -0.000517085099,
                    0.00264967021,
                    -0.000189103414,
                    -0.000166886354,
                    -9.57804881e-05,
                    -0.000141711842,
                    -0.000374651937,
                    8.49499045e-05,
                    3.54265517e-05,
                    -0.0001941805
                ],
                [
                    0.0001247316,
                    -0.000189103414,
                    0.000134109587,
                    -3.77404965e-05,
                    -1.53982668e-05,
                    2.49525349e-05,
                    4.39822483e-05,
                    -1.63661378e-05,
                    -4.71426394e-05,
                    1.18848723e-05
                ],
                [
                    -0.000113913378,
                    -0.000166886354,
                    -3.77404965e-05,
                    0.000159769081,
                    -3.81935802e-05,
                    7.52123457e-05,
                    8.63965204e-05,
                    1.22634361e-05,
                    -2.80092013e-05,
                    -4.50541558e-06
                ],
                [
                    0.00020527853,
                    -9.57804881e-05,
                    -1.53982668e-05,
                    -3.81935802e-05,
                    0.000163379194,
                    4.65803151e-06,
                    -4.04945007e-05,
                    -5.10275384e-05,
                    -2.67767534e-05,
                    1.17284464e-05
                ],
                [
                    -0.000191446747,
                    -0.000141711842,
                    2.49525349e-05,
                    7.52123457e-05,
                    4.65803151e-06,
                    0.000425345375,
                    9.3579531e-05,
                    -7.37402258e-05,
                    1.7145566e-05,
                    -3.99877603e-06
                ],
                [
                    -0.00028330405,
                    -0.000374651937,
                    4.39822483e-05,
                    8.63965204e-05,
                    -4.04945007e-05,
                    9.3579531e-05,
                    0.000242089205,
                    -1.12321372e-05,
                    -3.51812687e-05,
                    1.59317384e-05
                ],
                [
                    -1.88671337e-06,
                    8.49499045e-05,
                    -1.63661378e-05,
                    1.22634361e-05,
                    -5.10275384e-05,
                    -7.37402258e-05,
                    -1.12321372e-05,
                    0.000174848117,
                    4.33446441e-05,
                    -5.15098817e-05
                ],
                [
                    -2.26520911e-05,
                    3.54265517e-05,
                    -4.71426394e-05,
                    -2.80092013e-05,
                    -2.67767534e-05,
                    1.7145566e-05,
                    -3.51812687e-05,
                    4.33446441e-05,
                    0.000236897378,
                    -3.60774919e-05
                ],
                [
                    7.025283e-05,
                    -0.0001941805,
                    1.18848723e-05,
                    -4.50541558e-06,
                    1.17284464e-05,
                    -3.99877603e-06,
                    1.59317384e-05,
                    -5.15098817e-05,
                    -3.60774919e-05,
                    0.000112814571
                ]
            ],
            "risk_factor": 0.5,
            "budget": 5
        }
    },
    "multi": {
        "4": {
            "mu": [
                0.02,
                0.01,
                0.0,
                0.03
            ],
            "sigma": [
                [
                    0.000150981515,
                    -4.71107913e-05,
                    -1.43437965e-05,
                    0.0002066502
                ],
                [
                    -4.71107913e-05,
                    0.00664916328,
                    8.23039847e-05,
                    -0.00117457547
                ],
                [
                    -1.43437965e-05,
                    8.23039847e-05,
                    0.000126943824,
                    -0.000243382694
                ],
                [
                    0.0002066502,
                    -0.00117457547,
                    -0.000243382694,
                    0.0321262853
                ]
            ],
            "risk_factor": 0.5,
            "budget": 3,
            "min_return": 0.03
        },
        "5": {
            "mu": [
                0.00204,
                0.0,
                0.00204,
                0.00272,
                0.00272
            ],
            "sigma": [
                [
                    0.000147241283,
                    -1.50215757e-05,
                    -6.04862398e-06,
                    -6.0269652e-05,
                    1.35040903e-05
                ],
                [
                    -1.50215757e-05,
                    0.00016458833,
                    1.34371747e-06,
                    -0.000339983086,
                    -1.30871006e-05
                ],
                [
                    -6.04862398e-06,
                    1.34371747e-06,
                    0.000114239416,
                    6.35815217e-05,
                    -1.57016576e-05
                ],
                [
                    -6.0269652e-05,
                    -0.000339983086,
                    6.35815217e-05,
                    0.00425281775,
                    -0.000264782711
                ],
                [
                    1.35040903e-05,
                    -1.30871006e-05,
                    -1.57016576e-05,
                    -0.000264782711,
                    0.000130936074
                ]
            ],
            "risk_factor": 0.5,
            "budget": 4,
            "min_return": 0.00408
        },
        "6": {
            "mu": [
                0.0044,
                0.0044,
                -0.0088,
                0.0088,
                0.0044,
                0.0044
            ],
            "sigma": [
                [
                    0.00701837859,
                    -0.000277847809,
                    -0.000157159241,
                    0.000209056465,
                    -0.00010289039,
                    2.2926145e-05
                ],
                [
                    -0.000277847809,
                    0.00014909755,
                    8.07026571e-05,
                    9.11917966e-06,
                    -5.12806166e-05,
                    3.12263502e-05
                ],
                [
                    -0.000157159241,
                    8.07026571e-05,
                    0.00130987869,
                    1.89337291e-05,
                    1.88760454e-05,
                    -0.000140357204
                ],
                [
                    0.000209056465,
                    9.11917966e-06,
                    1.89337291e-05,
                    0.00171843149,
                    -0.00031150858,
                    -4.52315995e-05
                ],
                [
                    -0.00010289039,
                    -5.12806166e-05,
                    1.88760454e-05,
                    -0.00031150858,
                    0.000571462836,
                    1.96671582e-06
                ],
                [
                    2.2926145e-05,
                    3.12263502e-05,
                    -0.000140357204,
                    -4.52315995e-05,
                    1.96671582e-06,
                    0.000236167406
                ]
            ],
            "risk_factor": 0.5,
            "budget": 4,
            "min_return": 0.0044
        },
        "7": {
            "mu": [
                0.0023,
                0.0046,
                -0.0023,
                0.0069,
                0.0069,
                0.0023,
                0.0023
            ],
            "sigma": [
                [
                    0.000448101215,
                    3.1802785e-05,
                    -4.15754628e-05,
                    1.12245019e-06,
                    7.55280622e-05,
                    2.21040466e-05,
                    -3.20834658e-07
                ],
                [
                    3.1802785e-05,
                    0.000305423821,
                    -4.59229128e-06,
                    -2.44962201e-05,
                    -1.24285385e-05,
                    -4.66514445e-05,
                    0.00010301082
                ],
                [
                    -4.15754628e-05,
                    -4.59229128e-06,
                    0.000293621284,
                    -2.82491019e-05,
                    -4.98723962e-05,
                    -4.7984975e-05,
                    -1.92775667e-05
                ],
                [
                    1.12245019e-06,
                    -2.44962201e-05,
                    -2.82491019e-05,
                    0.000825098095,
                    2.10829851e-05,
                    6.44757662e-05,
                    -0.000109399966
                ],
                [
                    7.55280622e-05,
                    -1.24285385e-05,
                    -4.98723962e-05,
                    2.10829851e-05,
                    0.000129489737,
                    1.10318084e-05,
                    8.97216058e-05
                ],
                [
                    2.21040466e-05,
                    -4.66514445e-05,
                    -4.7984975e-05,
                    6.44757662e-05,
                    1.10318084e-05,
                    0.000238185789,
                    6.05173289e-05
                ],
                [
                    -3.20834658e-07,
                    0.00010301082,
                    -1.92775667e-05,
                    -0.000109399966,
                    8.97216058e-05,
                    6.05173289e-05,
                    0.000610416958
                ]
            ],
            "risk_factor": 0.5,
            "budget": 5,
            "min_return": 0.0092
        },
        "8": {
            "mu": [
                -0.0,
                0.0051,
                0.0051,
                0.0255,
                0.0051,
                0.0051,
                -0.0153,
                0.0051
            ],
            "sigma": [
                [
                    0.000218481515,
                    -1.68385049e-06,
                    -0.000119553341,
                    6.87136882e-05,
                    -0.000120203738,
                    -6.89277931e-05,
                    9.00393001e-05,
                    -1.8888188e-05
                ],
                [
                    -1.68385049e-06,
                    0.000530345521,
                    -2.31555301e-05,
                    0.00013099842,
                    -0.000170590238,
                    -0.000121360405,
                    -4.03366322e-05,
                    -9.43809109e-05
                ],
                [
                    -0.000119553341,
                    -2.31555301e-05,
                    0.000300140289,
                    0.000131326797,
                    1.96426043e-05,
                    -1.1379049e-05,
                    -0.00016336068,
                    0.000334079312
                ],
                [
                    6.87136882e-05,
                    0.00013099842,
                    0.000131326797,
                    0.00957965142,
                    -0.000446885817,
                    -0.000327914016,
                    0.000421526066,
                    -8.51879159e-05
                ],
                [
                    -0.000120203738,
                    -0.000170590238,
                    1.96426043e-05,
                    -0.000446885817,
                    0.000786133676,
                    0.000173415076,
                    -0.000166968021,
                    -0.000388753501
                ],
                [
                    -6.89277931e-05,
                    -0.000121360405,
                    -1.1379049e-05,
                    -0.000327914016,
                    0.000173415076,
                    0.000675484396,
                    6.92784623e-05,
                    -0.000414624382
                ],
                [
                    9.00393001e-05,
                    -4.03366322e-05,
                    -0.00016336068,
                    0.000421526066,
                    -0.000166968021,
                    6.92784623e-05,
                    0.00079742238,
                    3.5796794e-05
                ],
                [
                    -1.8888188e-05,
                    -9.43809109e-05,
                    0.000334079312,
                    -8.51879159e-05,
                    -0.000388753501,
                    -0.000414624382,
                    3.5796794e-05,
                    0.00487149688
                ]
            ],
            "risk_factor": 0.5,
            "budget": 6,
            "min_return": 0.0102
        },
        "9": {
            "mu": [
                0.0023,
                0.0,
                0.0069,
                0.0046,
                0.0023,
                0.0023,
                0.0161,
                0.0,
                -0.0
            ],
            "sigma": [
                [
                    0.000475872245,
                    -7.03446807e-05,
                    -2.49148573e-05,
                    -2.11611973e-05,
                    -3.14103742e-05,
                    3.64381883e-05,
                    0.000407351755,
                    -7.53368382e-07,
                    -5.75628303e-05
                ],
                [
                    -7.03446807e-05,
                    0.000330137425,
                    0.000100806428,
                    4.48225456e-06,
                    -2.50406221e-05,
                    0.000228202241,
                    -0.000382768859,
                    6.97716455e-05,
                    -8.72826345e-05
                ],
                [
                    -2.49148573e-05,
                    0.000100806428,
                    0.000281750602,
                    2.45770447e-05,
                    6.91045011e-05,
                    0.000208089943,
                    1.40899714e-05,
                    5.52863443e-05,
                    4.15004791e-05
                ],
                [
                    -2.11611973e-05,
                    4.48225456e-06,
                    2.45770447e-05,
                    0.0002304517,
                    6.20137078e-06,
                    1.97366561e-05,
                    -9.56576445e-05,
                    -4.07396518e-05,
                    1.36168187e-05
                ],
                [
                    -3.14103742e-05,
                    -2.50406221e-05,
                    6.91045011e-05,
                    6.20137078e-06,
                    8.68409656e-05,
                    -3.00085373e-05,
                    -6.85438189e-06,
                    9.83648697e-06,
                    6.16921512e-05
                ],
                [
                    3.64381883e-05,
                    0.000228202241,
                    0.000208089943,
                    1.97366561e-05,
                    -3.00085373e-05,
                    0.000966878842,
                    0.000278736872,
                    6.24088624e-05,
                    -1.30274262e-05
                ],
                [
                    0.000407351755,
                    -0.000382768859,
                    1.40899714e-05,
                    -9.56576445e-05,
                    -6.85438189e-06,
                    0.000278736872,
                    0.00698487802,
                    3.09329742e-05,
                    -6.79613238e-05
                ],
                [
                    -7.53368382e-07,
                    6.97716455e-05,
                    5.52863443e-05,
                    -4.07396518e-05,
                    9.83648697e-06,
                    6.24088624e-05,
                    3.09329742e-05,
                    9.36231958e-05,
                    -6.61401693e-06
                ],
                [
                    -5.75628303e-05,
                    -8.72826345e-05,
                    4.15004791e-05,
                    1.36168187e-05,
                    6.16921512e-05,
                    -1.30274262e-05,
                    -6.79613238e-05,
                    -6.61401693e-06,
                    0.000153433439
                ]
            ],
            "risk_factor": 0.5,
            "budget": 7,
            "min_return": 0.0115
        },
        "10": {
            "mu": [
                -0.0,
                0.0062,
                0.0031,
                0.0031,
                0.0031,
                0.0031,
                -0.0,
                0.0,
                0.0248,
                0.0
            ],
            "sigma": [
                [
                    0.000801557964,
                    5.06412685e-05,
                    -0.000149495488,
                    4.45062937e-05,
                    4.82155286e-05,
                    5.87623059e-05,
                    -0.000173929364,
                    -0.000146223821,
                    -0.00099904558,
                    -5.86749172e-05
                ],
                [
                    5.06412685e-05,
                    0.000379715434,
                    -8.43602217e-05,
                    8.32775059e-05,
                    -1.49621628e-05,
                    3.06605188e-06,
                    -4.62393505e-05,
                    -2.61983386e-05,
                    -0.00020343809,
                    -3.92666739e-05
                ],
                [
                    -0.000149495488,
                    -8.43602217e-05,
                    0.000276781791,
                    -1.62364755e-05,
                    -2.38954391e-05,
                    -1.29041905e-05,
                    -5.79653094e-05,
                    0.000331282277,
                    8.19535335e-05,
                    4.55115436e-05
                ],
                [
                    4.45062937e-05,
                    8.32775059e-05,
                    -1.62364755e-05,
                    0.000230092457,
                    -5.98317119e-06,
                    -7.09421801e-05,
                    4.81515489e-06,
                    2.74404949e-05,
                    -0.000278584759,
                    4.9068551e-05
                ],
                [
                    4.82155286e-05,
                    -1.49621628e-05,
                    -2.38954391e-05,
                    -5.98317119e-06,
                    0.000167068952,
                    1.23938785e-05,
                    2.11248266e-05,
                    1.33517608e-05,
                    -0.000124845438,
                    1.48816215e-05
                ],
                [
                    5.87623059e-05,
                    3.06605188e-06,
                    -1.29041905e-05,
                    -7.09421801e-05,
                    1.23938785e-05,
                    0.00018451249,
                    -4.90904009e-05,
                    7.53400192e-05,
                    0.000153837655,
                    -6.49108292e-05
                ],
                [
                    -0.000173929364,
                    -4.62393505e-05,
                    -5.79653094e-05,
                    4.81515489e-06,
                    2.11248266e-05,
                    -4.90904009e-05,
                    0.000240745669,
                    -0.000113536933,
                    -4.95631598e-05,
                    -2.13433747e-05
                ],
                [
                    -0.000146223821,
                    -2.61983386e-05,
                    0.000331282277,
                    2.74404949e-05,
                    1.33517608e-05,
                    7.53400192e-05,
                    -0.000113536933,
                    0.00185851196,
                    0.00129156714,
                    -5.76009713e-05
                ],
                [
                    -0.00099904558,
                    -0.00020343809,
                    8.19535335e-05,
                    -0.000278584759,
                    -0.000124845438,
                    0.000153837655,
                    -4.95631598e-05,
                    0.00129156714,
                    0.0206353888,
                    -8.35157973e-05
                ],
                [
                    -5.86749172e-05,
                    -3.92666739e-05,
                    4.55115436e-05,
                    4.9068551e-05,
                    1.48816215e-05,
                    -6.49108292e-05,
                    -2.13433747e-05,
                    -5.76009713e-05,
                    -8.35157973e-05,
                    0.000159104706
                ]
            ],
            "risk_factor": 0.5,
            "budget": 8,
            "min_return": 0.01
        }
    }
}